33624589268818404794861649472076086456379788033470408980478913065942288718
33624535348925070493582060138045912417118440759181563899333950858721790286
33624616228765071945501444139091173476010461670614831521051394169552537934
33624616228765071945501444139091173476010461670614831521051394170610818275
33624589268818404794861649472076086456379788033470408980478913067000569059
33624535348925070493582060138045912417118440759181563899333950859780070627
33624616228765071945501444139091173476010461670614831521051394171214651935
33624589268818404794861649472076086456379788033470408980478913067604402719
33624535348925070493582060138045912417118440759181563899333950860383904287
33624589268818404794861649472076086456379788033470408980478913064697067643
33624616228765071945501444139091173476010461670614831521051394168307316859
33624535348925070493582060138045912417118440759181563899333950857476569211
33624616228765071945501444139091173476010461670614831521051394168751854553
33624535348925070493582060138045912417118440759181563899333950857921106905
33624535348925070493582060138045912417118440759181563899333950860680218531
33624562308871737644221854805060999436749114396325986439906431964290467747
33624616228765071945501444139091173476010461670614831521051394171510966179
33624616228765071945501444139091173476010461670614831521051394171490068691
33624535348925070493582060138045912417118440759181563899333950860659321043
33624616228765071945501444139091173476010461670614831521051394168716470089
33624589268818404794861649472076086456379788033470408980478913065106220873
33624535348925070493582060138045912417118440759181563899333950857885722441
33624616228765071945501444139091173476010461670614831521051394168847681485
33624535348925070493582060138045912417118440759181563899333950858016933837
33624589268818404794861649472076086456379788033470408980478913065237432269
33624616228765071945501444139091173476010461670614831521051394170151498080
33624535348925070493582060138045912417118440759181563899333950859320750432
33624508388978403342942265471030825397487767122037141358761469755710501216
33624616228765071945501444139091173476010461670614831521051394169821572177
33624535348925070493582060138045912417118440759181563899333950858990824529
33624535348925070493582060138045912417118440759181563899333950860380504297
33624589268818404794861649472076086456379788033470408980478913067601002729
33624508388978403342942265471030825397487767122037141358761469754192383398
33624562308871737644221854805060999436749114396325986439906431961412881830
33624535348925070493582060138045912417118440759181563899333950857802632614
33624616228765071945501444139091173476010461670614831521051394168633380262
33624589268818404794861649472076086456379788033470408980478913065340066075
33624616228765071945501444139091173476010461670614831521051394168950315291
33624589268818404794861649472076086456379788033470408980478913064826467162
33624535348925070493582060138045912417118440759181563899333950857605968730
33624616228765071945501444139091173476010461670614831521051394168436716378
33624562308871737644221854805060999436749114396325986439906431963557469448
33624508388978403342942265471030825397487767122037141358761469756336971016
33624616228765071945501444139091173476010461670614831521051394170777967880
33624535348925070493582060138045912417118440759181563899333950859947220232
33624616228765071945501444139091173476010461670614831521051394167631414194
33624589268818404794861649472076086456379788033470408980478913064021164978
33624535348925070493582060138045912417118440759181563899333950856800666546
33624508388978403342942265471030825397487767122037141358761469753810989124
33624535348925070493582060138045912417118440759181563899333950857421238340
33624562308871737644221854805060999436749114396325986439906431961031487556
33624616228765071945501444139091173476010461670614831521051394168251985988
33624616228765071945501444139091173476010461670614831521051394169885475817
33624535348925070493582060138045912417118440759181563899333950859054728169
33624589268818404794861649472076086456379788033470408980478913067177483062
33624616228765071945501444139091173476010461670614831521051394170787732278
33624535348925070493582060138045912417118440759181563899333950859956984630
33624535348925070493582060138045912417118440759181563899333950858672280333
33624616228765071945501444139091173476010461670614831521051394169503027981
33624535348925070493582060138045912417118440759181563899333950860641695461
33624616228765071945501444139091173476010461670614831521051394171472443109
33624589268818404794861649472076086456379788033470408980478913067862193893
33624562308870193477194949681593095832551005310387625260467093808263495830
33624616228763527778474539015623269871812352584676470341612056015483994262
33624562308870193477194949681593095832551005310387625260467093811254798142
33624535348923526326555155014578008812920331673243202719894612707644548926
33624616228763527778474539015623269871812352584676470341612056018475296574
33624589268816860627834744348608182852181678947532047801039574915385201695
33624616228763527778474539015623269871812352584676470341612056018995450911
33624562308870193477194949681593095832551005310387625260467093811774952479
33624562308870193477194949681593095832551005310387625260467093810795691268
33624616228763527778474539015623269871812352584676470341612056018016189700
33624535348923526326555155014578008812920331673243202719894612707185442052
33624589268816860627834744348608182852181678947532047801039574914405940484
33624508388976859175915360347562921793289658036098780179322131601340681850
33624589268816860627834744348608182852181678947532047801039574912171429498
33624562308870193477194949681593095832551005310387625260467093808561180282
33624616228763527778474539015623269871812352584676470341612056017496944912
33624589268816860627834744348608182852181678947532047801039574913886695696
33624535348923526326555155014578008812920331673243202719894612706666197264
33624562308870193477194949681593095832551005310387625260467093810276446480
33624508388976859175915360347562921793289658036098780179322131603912111634
33624535348923526326555155014578008812920331673243202719894612707522360850
33624589268816860627834744348608182852181678947532047801039574914742859282
33624616228763527778474539015623269871812352584676470341612056018353108498
33624562308870193477194949681593095832551005310387625260467093811132610066
33624562308870193477194949681593095832551005310387625260467093809282036604
33624616228763527778474539015623269871812352584676470341612056016502535036
33624535348923526326555155014578008812920331673243202719894612705671787388
33624589268816860627834744348608182852181678947532047801039574912892285820
33624562308870193477194949681593095832551005310387625260467093808716037528
33624589268816860627834744348608182852181678947532047801039574912326286744
33624616228763527778474539015623269871812352584676470341612056015936535960
33624535348923526326555155014578008812920331673243202719894612705105788312
33624589268816860627834744348608182852181678947532047801039574911476290664
33624508388976859175915360347562921793289658036098780179322131600645543016
33624562308870193477194949681593095832551005310387625260467093807866041448
33624535348923526326555155014578008812920331673243202719894612706589361811
33624589268816860627834744348608182852181678947532047801039574913809860243
33624616228763527778474539015623269871812352584676470341612056017420109459
33624508388976859175915360347562921793289658036098780179322131602979112595
33624562308870193477194949681593095832551005310387625260467093810199611027
33624562308870193477194949681593095832551005310387625260467093809829667366
33624535348923526326555155014578008812920331673243202719894612706219418150
33624589268816860627834744348608182852181678947532047801039574913439916582
33624616228763527778474539015623269871812352584676470341612056017050165798
33624562308870193477194949681593095832551005310387625260467093808170930074
33624616228763527778474539015623269871812352584676470341612056015391428506
33624562308870193477194949681593095832551005310387625260467093810788312288
33624535348923526326555155014578008812920331673243202719894612707178063072
33624616228763527778474539015623269871812352584676470341612056018008810720
33624562308870193477194949681593095832551005310387625260467093811513505534
33624616228763527778474539015623269871812352584676470341612056018734003966
33624535348923526326555155014578008812920331673243202719894612707903256318
33624535348917079743072912893433549457182697399833865600853148144796905545
33624616228757081194992296894478810516074718311267133222570591455627653193
33624508388970412592433118226418462437552023762689443060280667041186656329
33624562308863746893712707560448636476813371036978288141425629248407154761
33624589268810414044352502227463723496444044674122710681998110352017403977
33624535348917079743072912893433549457182697399833865600853148143693076703
33624616228757081194992296894478810516074718311267133222570591454523824351
33624562308863746893712707560448636476813371036978288141425629247303325919
33624589268810414044352502227463723496444044674122710681998110350913575135
33624508388970412592433118226418462437552023762689443060280667040082827487
33624616228757081194992296894478810516074718311267133222570591454514895102
33624535348917079743072912893433549457182697399833865600853148143684147454
33624562308863746893712707560448636476813371036978288141425629247294396670
33624508388970412592433118226418462437552023762689443060280667040073898238
33624589268810414044352502227463723496444044674122710681998110350904645886
33624589268810414044352502227463723496444044674122710681998110352110966821
33624616228757081194992296894478810516074718311267133222570591455721216037
33624535348917079743072912893433549457182697399833865600853148144890468389
33624508388970412592433118226418462437552023762689443060280667041280219173
33624562308863746893712707560448636476813371036978288141425629248500717605
33624562308863746893712707560448636476813371036978288141425629244504654736
33624535348917079743072912893433549457182697399833865600853148140894405520
33624616228757081194992296894478810516074718311267133222570591451725153168
33624508388970412592433118226418462437552023762689443060280667037284156304
33624589268810414044352502227463723496444044674122710681998110347951649081
33624535348917079743072912893433549457182697399833865600853148140731150649
33624562308863746893712707560448636476813371036978288141425629244341399865
33624508388970412592433118226418462437552023762689443060280667037120901433
33624616228757081194992296894478810516074718311267133222570591451561898297
33624616228757081194992296894478810516074718311267133222570591453279509313
33624589268810414044352502227463723496444044674122710681998110349669260097
33624535348917079743072912893433549457182697399833865600853148142448761665
33624562308863746893712707560448636476813371036978288141425629246059010881
33624508388970412592433118226418462437552023762689443060280667038838512449
33624508388970343544314028972930060243868368478358865934370777934202083541
33624562308863677845593618306960234283129715752647711015515740141422581973
33624589268810344996233412973975321302760389389792133556088221245032831189
33624616228757012146873207640990408322391063026936556096660702348643080405
33624535348917010694953823639945147263499042115503288474943259037812332757
33624508388970343544314028972930060243868368478358865934370777934597083586
33624562308863677845593618306960234283129715752647711015515740141817582018
33624535348917010694953823639945147263499042115503288474943259038207332802
33624589268810344996233412973975321302760389389792133556088221245427831234
33624616228757012146873207640990408322391063026936556096660702349038080450
33624589268810344996233412973975321302760389389792133556088221245308557196
33624562308863677845593618306960234283129715752647711015515740141698307980
33624616228757012146873207640990408322391063026936556096660702348918806412
33624535348917010694953823639945147263499042115503288474943259038088058764
33624508388970343544314028972930060243868368478358865934370777934477809548
33624508388970343544314028972930060243868368478358865934370777933029645185
33624562308863677845593618306960234283129715752647711015515740140250143617
33624535348917010694953823639945147263499042115503288474943259036639894401
33624589268810344996233412973975321302760389389792133556088221243860392833
33624616228757012146873207640990408322391063026936556096660702347470642049
33624535348917010694953823639945147263499042115503288474943259037591256797
33624562308863677845593618306960234283129715752647711015515740141201506013
33624616228757012146873207640990408322391063026936556096660702348422004445
33624508388970343544314028972930060243868368478358865934370777933981007581
33624589268810344996233412973975321302760389389792133556088221244811755229
33624589268810344996233412973975321302760389389792133556088221247429402778
33624508388970343544314028972930060243868368478358865934370777936598655130
33624616228757012146873207640990408322391063026936556096660702351039651994
33624535348917010694953823639945147263499042115503288474943259040208904346
33624562308863677845593618306960234283129715752647711015515740143819153562
33624508388970343544314028972930060243868368478358865934370777933214428133
33624616228757012146873207640990408322391063026936556096660702347655424997
33624562308863677845593618306960234283129715752647711015515740140434926565
33624535348917010694953823639945147263499042115503288474943259036824677349
33624589268810344996233412973975321302760389389792133556088221244045175781
33624589268810344996233412973975321302760389389792133556088221246036078716
33624508388970343544314028972930060243868368478358865934370777935205331068
33624616228757012146873207640990408322391063026936556096660702349646327932
33624535348917010694953823639945147263499042115503288474943259038815580284
33624562308863677845593618306960234283129715752647711015515740142425829500
33624562308863677845593618306960234283129715752647711015515740143913524484
33624589268810344996233412973975321302760389389792133556088221247523773700
33624616228757012146873207640990408322391063026936556096660702351134022916
33624535348917010694953823639945147263499042115503288474943259040303275268
33624508388970343544314028972930060243868368478358865934370777936693026052
33624562308863677845593618306960234283129715752647711015515740143113301967
33624508388970343544314028972930060243868368478358865934370777935892803535
33624616228757012146873207640990408322391063026936556096660702350333800399
33624589268810344996233412973975321302760389389792133556088221246723551183
33624535348917010694953823639945147263499042115503288474943259039503052751
33624508388970343544314028972930060243868368478358865934370777936701887008
33624616228757012146873207640990408322391063026936556096660702351142883872
33624589268810344996233412973975321302760389389792133556088221247532634656
33624562308863677845593618306960234283129715752647711015515740143922385440
33624535348917010694953823639945147263499042115503288474943259040312136224
33624616228773100358621003703788119450682744275961026433664863668163549592
33624589268826433207981209036773032431052070638816603893092382564553300376
33624589268826433207981209036773032431052070638816603893092382565811914061
33624616228773100358621003703788119450682744275961026433664863669422163277
33624616228773100358621003703788119450682744275961026433664863668013169038
33624589268826433207981209036773032431052070638816603893092382564402919822
33624562308879766057341414369757945411421397001672181352519901460792670606
33624562308879766057341414369757945411421397001672181352519901461887239090
33624616228773100358621003703788119450682744275961026433664863669107737522
33624589268826433207981209036773032431052070638816603893092382565497488306
33624616228763527778474539015623269871812352584676470341612056019021648345
33624589268816860627834744348608182852181678947532047801039574915411399129
33624535348923526326555155014578008812920331673243202719894612708172200137
33624589268816860627834744348608182852181678947532047801039574915392698569
33624616228763527778474539015623269871812352584676470341612056019002947785
33624616228763527778474539015623269871812352584676470341612056017480698239
33624589268816860627834744348608182852181678947532047801039574913870449023
33624508388976859175915360347562921793289658036098780179322131603039701375
33624589268816860627834744348608182852181678947532047801039574913396794810
33624562308870193477194949681593095832551005310387625260467093809786545594
33624616228763527778474539015623269871812352584676470341612056017007044026
33624535348923526326555155014578008812920331673243202719894612706176296378
33624508388976859175915360347562921793289658036098780179322131602566047162
33624616228763527778474539015623269871812352584676470341612056014965819830
33624535348923526326555155014578008812920331673243202719894612704135072182
33624589268816860627834744348608182852181678947532047801039574911355570614
33624508388976859175915360347562921793289658036098780179322131600524822966
33624508388976859175915360347562921793289658036098780179322131601996611878
33624562308870193477194949681593095832551005310387625260467093809217110310
33624616228763527778474539015623269871812352584676470341612056016437608742
33624589268816860627834744348608182852181678947532047801039574912827359526
33624508388976859175915360347562921793289658036098780179322131601003103403
33624616228763527778474539015623269871812352584676470341612056015444100267
33624616228763527778474539015623269871812352584676470341612056018567523392
33624562308870193477194949681593095832551005310387625260467093811347024960
33624508388976859175915360347562921793289658036098780179322131604126526528
33624589268816860627834744348608182852181678947532047801039574913565405168
33624616228763527778474539015623269871812352584676470341612056017175654384
33624562308870193477194949681593095832551005310387625260467093809955155952
33624508388976859175915360347562921793289658036098780179322131602734657520
33624535348923526326555155014578008812920331673243202719894612706547356696
33624589268816860627834744348608182852181678947532047801039574913767855128
33624616228763527778474539015623269871812352584676470341612056017378104344
33624508388970425146636588999779990109130870178022275264991555966189560567
33624616228757093749195767667840338187653564726599965427281480380630557431
33624535348917092297276383666795077128761543815166697805564037069799809783
33624589268810426598555973000825251168022891089455542886708999279649901217
33624562308863759447916178333810164148392217452311120346136518176039652001
33624535348917092297276383666795077128761543815166697805564037072429402785
33624508388970425146636588999779990109130870178022275264991555968819153569
33624616228757093749195767667840338187653564726599965427281480383260150433